colsample_bylevel: 0.9186536013075917
learning_rate: 0.040631083639141474
max_depth: 6
min_data_in_leaf: 6
n_estimators: 640
subsample: 0.9643800455402485
