batch_size: 512
d_emb: 256
d_ff_factor: 2.1225622166840736
data_config_path: configs/datasets/allstate.yaml
dataset_name: allstate
dropout: 0.11640468641161662
lambda_bal: 0.012471441866885454
lambda_repel: 0.06512359181947816
lambda_spec: 0.015116222409931795
learning_rate: 4.353622621324067e-05
model_name: daf_moe
mu_init_strategy: normal
n_experts: 4
n_layers: 2
optimize_metric: rmse
out_dim: 1
task_type: regression
weight_decay: 0.013024571074254473
