colsample_bytree: 0.6790432161208477
gamma: 4.732497196619989e-05
learning_rate: 0.022876095295611295
max_depth: 6
min_child_weight: 1
n_estimators: 2000
subsample: 0.9992459769403464
