colsample_bylevel: 0.8506378873419668
learning_rate: 0.023743889438112675
max_depth: 10
min_data_in_leaf: 23
n_estimators: 1809
subsample: 0.5563149115741901
