batch_size: 512
d_emb: 336
d_ff_factor: 1.3552668609931655
data_config_path: configs/datasets/bnp.yaml
dataset_name: bnp
dropout: 0.15209955179879547
lambda_bal: 0.0327740776256607
lambda_repel: 0.021466249275868075
lambda_spec: 0.3338193053932204
learning_rate: 3.873081104679673e-05
model_name: daf_moe
mu_init_strategy: linspace
n_experts: 4
n_layers: 1
optimize_metric: acc
out_dim: 1
task_type: classification
weight_decay: 0.002683197073796603
