colsample_bytree: 0.5738662566147347
gamma: 3.549007545581961e-05
learning_rate: 0.017337912499797985
max_depth: 8
min_child_weight: 8
n_estimators: 1668
subsample: 0.7705440158582972
