colsample_bylevel: 0.8269088375593031
learning_rate: 0.03101300902825811
max_depth: 10
min_data_in_leaf: 39
n_estimators: 1106
subsample: 0.7907251929750365
