colsample_bylevel: 0.7002877867465094
learning_rate: 0.03935011369343337
max_depth: 7
min_data_in_leaf: 49
n_estimators: 1801
subsample: 0.8017168000637347
