colsample_bytree: 0.5581295202029642
gamma: 0.043896817167112474
learning_rate: 0.013384097664704138
max_depth: 9
min_child_weight: 7
n_estimators: 882
subsample: 0.5790329753286911
